G = [9, 5, 7]
H = [5, 12, 3]
I = [11, 9, 6]
J = [8, 7, 8]



